0,33.65128595799575
1,14.40431181982221
2,7.144005091788838
3,4.0198694550942005
4,2.70004850787881
5,1.9332222298830135
6,1.519227775919094
7,1.2624630021460261
8,1.0385438440267931
9,0.9038788422635553
10,0.8081675462762025
11,0.7037722175503954
12,0.6396366967095269
13,0.5998101991881069
14,0.5578395411801437
15,0.4997339617568279
16,0.47431261510024836
17,0.433728576785743
18,0.39612665294129173
19,0.3943180186267743
20,0.36892733240323794
21,0.3493249955981847
22,0.3243654211852776
23,0.3072499232037077
24,0.2861013781386638
25,0.28574109450289253
26,0.26758688114307544
27,0.2634274694654677
28,0.2692294156109845
29,0.24368089118612157
30,0.22374200860168708
31,0.2336107595467273
32,0.23336240862622673
33,0.21266884548673903
34,0.206887297375212
35,0.21448130587982053
36,0.1970485585216632
37,0.19962658980255754
38,0.193675906962328
39,0.17247895448786732
40,0.17605822410112545
41,0.18584878474106023
42,0.16843398843773108
43,0.166298649634844
44,0.16008673970100812
45,0.14951737250810787
46,0.16320584301104762
47,0.17075903974933387
48,0.16964350531621233
49,0.1556713583047498
50,0.15160363436726385
51,0.14099657015545378
52,0.1333443932081937
53,0.1617890722957658
54,0.1365487444057386
55,0.11975619076701349
56,0.13901008656976646
57,0.1423373259634638
58,0.11487018836378561
59,0.12356134010440528
60,0.13700041005640853
61,0.13456180458696781
62,0.13968319402310092
63,0.1532371214878412
64,0.12940411214475278
65,0.11874017754699959
66,0.11392647170235591
67,0.11107090412343971
68,0.12800876652752913
69,0.1269422095498921
70,0.11985746097172238
71,0.11320812182171354
72,0.14816644260422193
73,0.16722640932342153
74,0.16914685567220053
75,0.13375931355197734
76,0.10941933957637583
77,0.10908280458960513
78,0.10290672945878143
79,0.1049001132509836
80,0.11148042345243227
81,0.12049831578760971
82,0.10920955477428043
83,0.11018171467408232
84,0.09538194652447485
85,0.1088891253059293
86,0.15189205177526904
87,0.11165600764898606
88,0.12516521504877035
89,0.10197780985891083
90,0.11896593619766549
91,0.1050160496323197
92,0.09392296728283289
93,0.08853761492442692
94,0.08570522143517012
95,0.07570668277426512
96,0.08651073793324913
97,0.08775687884891965
98,0.09294491442142691
99,0.10460545634046013
0,33.541891466933514
1,14.220468855492863
2,7.069639593681681
3,4.181691832993747
4,2.7842877800081984
5,2.048759303465792
6,1.6427976380650398
7,1.2991443367161377
8,1.0672498459678619
9,0.9143166090725872
10,0.8037441489137249
11,0.7165397675439654
12,0.6253110155647184
13,0.5708808129706991
14,0.5252699251528139
15,0.482907054257491
16,0.4465300705207228
17,0.39705998534528314
18,0.3651443300914372
19,0.34522312776542
20,0.3315657564642007
21,0.3130815396093047
22,0.3035682470219616
23,0.2979733007925528
24,0.2755538681407034
25,0.2560262350388515
26,0.2600821220335156
27,0.2643133575533643
28,0.22549974300243236
29,0.23487843996212807
30,0.2419937816666968
31,0.21044868186668114
32,0.2250668042971764
33,0.22303372489081488
34,0.20098882996986922
35,0.18415487980155787
36,0.1770336735886311
37,0.18206283977492846
38,0.18104768211458935
39,0.16527486181062925
40,0.18724597373617038
41,0.1654410903836474
42,0.16076454233240198
43,0.14719987641636728
44,0.1366413736539613
45,0.13066172462431982
46,0.13609852810455447
47,0.14357241524590386
48,0.15851955747408142
49,0.20336409557012863
50,0.21234455461855287
51,0.17452185830952208
52,0.14153691790231462
53,0.11966004724855776
54,0.12740481459064248
55,0.13900467829449187
56,0.12968347239396208
57,0.15422658665190017
58,0.1378134146639349
59,0.1288667886836048
60,0.12514324031248994
61,0.1295040299372418
62,0.11748513782956473
63,0.12139103481308423
64,0.12797944300459246
65,0.12949953020354849
66,0.11675852022053283
67,0.11514842598526566
68,0.11990929120852624
69,0.12147031634923362
70,0.13507435135390042
71,0.12013795915454503
72,0.11018672617374624
73,0.1135675483279758
74,0.12117787624092259
75,0.11038126396053613
76,0.11998030168038827
77,0.11365106861287183
78,0.13396408018261316
79,0.12545559121748057
80,0.13392917746869626
81,0.1261293935187069
82,0.11254093813798065
83,0.13250455248012463
84,0.11036809403219341
85,0.08699920246139965
86,0.08473005491029088
87,0.09196867530728564
88,0.09125069983211564
89,0.09426000304673435
90,0.10184157493183152
91,0.1315874651135731
92,0.13606680430502557
93,0.13251278998920457
94,0.10294744978225771
95,0.1043070249596741
96,0.12067179444395465
97,0.10669429822223177
98,0.0960988038851891
99,0.095145128980095
100,0.11035400202244888
101,0.11775121688842774
102,0.13080507953471118
103,0.1327797301021623
104,0.09665014302289045
105,0.11014521975576141
106,0.10423296469229239
107,0.08359195312845363
108,0.09019311936303911
109,0.09386389402695644
110,0.11185235937926995
111,0.09224350521103344
112,0.0969913408098888
113,0.10671494703724552
114,0.09993114412566761
115,0.0888237264421251
116,0.09155686068436736
117,0.07977664814073852
118,0.0960494310276989
119,0.08969021373324924
120,0.10392155490294405
121,0.10997296243047518
122,0.0984240190482434
123,0.10035454491038381
124,0.08366555912504471
125,0.1025286413514565
126,0.09339334660596808
127,0.0845403465223901
128,0.11492327878504624
129,0.10226196183098687
130,0.08886291146768954
131,0.10417235770833835
132,0.09374578558368447
133,0.10151780230518231
134,0.10153603612640758
135,0.08987338788224837
136,0.08934708348026982
137,0.08134920969912054
138,0.10918295883838042
139,0.0868562941688569
140,0.07435531586776545
141,0.08535345258045589
142,0.13225945347130544
143,0.14718453403363013
144,0.12810864311186865
145,0.10393314695162047
146,0.09104382000832892
147,0.08919709248797884
148,0.11197454409344205
149,0.11640976642875514
150,0.0910588919871138
151,0.08657368397025905
152,0.08280637254440244
153,0.07399711873796251
154,0.07740296591456534
155,0.0893273273122654
156,0.08871621653866867
157,0.08150332827626923
158,0.08286168408491974
159,0.08254768092936449
160,0.07429480954943371
161,0.0782691596466818
162,0.09936963991863737
163,0.10345973320949224
164,0.09753844257244848
165,0.07572367878117188
166,0.10811967476895808
167,0.09488085209096901
168,0.10491334145942342
169,0.09434396180596372
170,0.08065835340523425
171,0.07357168168197444
172,0.06616194473863139
173,0.07253609900611908
174,0.08768904984242631
175,0.10130112926655836
176,0.10187816561004262
177,0.1349572895976251
178,0.1611538312072126
179,0.15788909260628153
180,0.14041153295540515
181,0.0921811802397049
182,0.08546053686259705
183,0.08192548751831055
184,0.06550681237821225
185,0.08684173258243764
186,0.08670474943310146
187,0.06710516562677706
188,0.06329526763884619
189,0.05708295219719655
190,0.07088860759028683
191,0.08261165883806017
192,0.07170628745860033
193,0.06771414996174628
194,0.061658165680528176
195,0.07731155623133781
196,0.14441516546555508
197,0.12433992550696855
198,0.12265591739136496
199,0.12849529760855216
0,34.28599019619663
1,14.36995849609375
2,7.1129547747074335
3,4.127178119926295
4,2.863364890769676
5,2.137638010409634
6,1.7063683560846274
7,1.3985750959733876
8,1.1905762660650558
9,1.0265403951637049
10,0.8927641597794898
11,0.7801611566739809
12,0.7178222248093091
13,0.6529972861333149
14,0.6048422778094257
15,0.5577364705717612
16,0.524601452046461
17,0.506201573752572
18,0.4775727330902476
19,0.4233962965600285
20,0.4025802580908002
21,0.38352919370549204
22,0.3505251723552437
23,0.334688471570427
24,0.31160454220241973
25,0.30419246453807186
26,0.29205120934380424
27,0.2810187708693767
28,0.28019141012749066
29,0.2620243880974412
